2146
2566 612
2452 616
2277 697
2277 697
2087 697
2087 697
2089 698
2096 700
2091 701
2091 701
2246 703
2066 721
2057 704
2243 705
2243 705
2291 701
2176 802
2099 707
2258 707
2289 704
2289 704
2082 709
2291 701
2046 710
2058 710
2191 710
2240 710
2074 813
2148 710
2172 711
2224 711
2247 709
2116 812
2124 715
2170 715
2093 742
1999 716
1992 835
2140 715
2035 716
2118 716
1975 718
2186 718
2139 719
1999 719
2169 720
1721 721
1940 819
2066 721
2163 720
2140 721
1927 722
2291 706
2173 777
2173 777
2148 722
2148 722
2143 722
1998 756
1939 822
1939 822
2069 724
2221 714
1905 849
1905 725
2062 725
2071 783
1976 804
1892 726
2113 726
2119 726
2119 726
1907 726
1907 726
2116 726
1916 727
2155 722
2099 728
2106 748
2031 729
2203 778
1907 730
1873 731
1873 731
2176 785
1876 731
2074 789
2037 731
1845 732
1892 732
2016 733
2052 733
2052 733
1869 734
2261 709
2012 736
2006 736
2006 736
2027 736
1880 730
1854 737
1924 738
1924 738
1938 737
1897 866
2005 739
1816 740
2036 797
1947 741
1774 742
1850 807
1850 807
1927 742
1952 743
1803 744
2022 706
1750 744
1968 717
1928 744
1928 744
1936 744
2146 809
2059 795
2097 745
1927 820
1898 745
2091 745
1825 906
1909 746
2293 748
2293 748
1780 747
2106 748
2106 748
2086 748
2094 749
2288 749
2288 749
2055 750
2235 750
2235 750
2274 749
1830 751
2290 748
2290 748
2296 750
2296 750
1847 751
1847 751
1928 826
1914 751
2074 751
1823 752
2132 715
2069 752
2259 752
2259 752
1724 753
1849 753
1992 753
1720 753
2023 753
1797 792
2144 754
2148 754
2208 754
2262 754
2262 754
1708 754
2241 778
2023 774
2271 768
1860 756
1804 756
1804 756
1822 756
1756 838
1909 724
2036 756
2077 812
1817 757
2043 756
2180 756
2180 756
2185 757
1976 839
1953 757
2273 774
2273 774
1980 719
1831 757
2071 703
2016 758
1645 758
1645 758
1792 758
1834 759
2011 758
2148 758
2237 752
2041 759
2166 760
1647 761
1749 761
1821 761
1821 761
2118 760
2118 760
1758 761
2049 729
2110 761
2169 761
2112 804
2188 761
2188 761
1918 762
2137 762
2182 762
1616 847
2237 757
2285 752
1603 763
1630 759
1630 763
1816 835
2281 753
1922 843
1922 843
1906 786
1616 765
2114 764
2199 764
1897 784
1751 765
1930 765
2148 765
1982 743
2300 765
2070 765
2262 742
1704 766
1704 766
2045 767
2050 767
2030 793
2091 768
2091 768
2118 790
2280 744
1598 768
1901 768
1901 768
1978 768
1720 769
1914 769
2284 768
1901 743
1903 770
2111 769
2111 769
1739 770
2278 769
2278 769
1703 771
1900 771
2253 770
2253 770
2014 771
2034 772
2084 772
1804 773
2079 772
2235 767
2236 772
1714 773
1972 774
2003 755
2273 774
1675 774
1990 721
1631 775
1631 775
1644 775
1644 775
2001 775
2048 775
2276 775
1628 777
1628 777
1953 845
2265 776
1677 778
1964 777
2258 777
1815 777
1959 777
2157 778
1644 779
1955 803
2109 779
2235 779
2235 779
1608 780
1608 780
1920 779
2104 827
2130 780
2130 780
2228 780
2172 781
1826 854
2188 778
1616 782
1744 782
1773 854
1821 854
2175 782
2200 782
2246 782
1596 783
2041 759
2242 783
1714 783
1714 783
1888 804
1901 783
1926 783
2030 818
1717 783
1917 784
2094 784
2184 784
2068 784
1753 839
1827 737
1620 769
1621 786
2072 747
2159 786
2237 757
1752 787
1752 787
1924 840
2144 787
1686 788
1919 788
1919 788
2133 788
1979 843
1730 789
2097 763
2074 789
1843 789
2006 789
2048 764
2128 789
2146 789
1942 786
2027 790
1684 791
1872 791
2148 791
2148 791
1847 808
1833 792
1833 792
2004 793
2024 793
1824 794
1824 794
1859 794
1859 794
1812 810
1812 810
1649 865
1829 795
1979 762
1981 773
1616 796
2093 771
2093 771
2156 796
1645 798
1982 798
2127 799
2010 752
1942 799
1626 940
2154 799
2151 801
1747 802
1747 802
2036 777
2036 777
2107 806
2119 785
2299 748
1930 803
1945 803
2154 803
1871 804
2050 830
1881 805
1881 805
2047 752
2047 752
1667 805
1681 806
1746 806
1746 806
2237 752
2181 805
2188 805
1699 806
1699 806
2245 744
2022 706
2154 806
2154 806
1926 807
2141 756
1664 807
1664 807
1871 808
1871 808
2281 775
1810 808
2164 808
2125 808
1680 809
1861 809
2043 809
1666 810
2245 749
2135 811
2007 779
1624 812
1755 833
1997 812
2009 813
1794 813
1570 814
1608 814
1639 813
1914 805
1986 753
1813 814
2048 764
1923 718
1991 815
1998 834
1546 816
1562 816
1780 816
1780 816
2003 816
2057 816
2108 816
1640 817
1640 817
1916 727
1998 816
2031 715
1596 817
1956 817
2133 722
1677 867
1794 831
2283 697
1992 835
2054 817
1901 743
1828 852
2003 818
1728 819
1728 819
1931 721
1958 820
1950 821
1973 821
1703 822
1863 737
1895 823
1715 824
1887 824
2089 823
1662 824
1662 824
1892 824
2091 826
1866 826
1964 783
1868 828
1868 828
2084 828
2110 718
2160 712
2078 828
1596 863
1596 829
1854 829
1613 830
1613 830
1646 830
1819 830
2117 830
2113 831
1608 831
2182 798
1870 825
2071 831
1959 777
1840 832
1840 832
2108 723
2121 832
1644 833
1644 833
1761 833
1806 833
1596 868
1596 834
1839 834
2268 708
1742 835
2178 804
2093 834
1821 835
2142 780
1914 730
2068 836
2261 709
1982 838
1982 838
2015 835
1687 839
1829 839
1999 801
2029 839
2098 808
1979 722
1957 841
1669 842
1728 843
2244 711
1879 791
1917 765
1917 765
2138 788
1970 843
2090 790
1896 845
1901 844
2039 832
1623 801
1667 845
1667 845
1906 846
1906 846
2040 773
1571 848
1572 986
1647 847
1955 744
1623 849
1900 849
1799 849
1849 849
1546 850
1803 777
1931 843
1611 851
1605 762
1648 773
1604 851
1620 769
1772 852
1828 852
1791 852
1791 852
1819 852
1962 781
1598 854
1974 837
1750 817
1776 855
2030 818
1953 805
1734 855
1716 856
1813 814
1764 859
1764 859
1571 859
1560 860
1884 860
1843 776
1546 862
1881 863
1881 863
1567 771
1684 791
1672 863
1631 864
1647 795
1654 847
1883 865
1674 866
1864 866
1810 868
1599 870
1593 769
1878 870
1566 870
1830 871
1849 871
1749 871
1785 872
1785 872
1832 873
1693 874
1773 874
196 1142
2636 867
1778 875
1781 876
1813 877
1761 877
1761 877
1660 878
1636 878
1850 911
1738 879
1738 879
1738 879
1557 952
1660 882
1604 882
1643 882
1843 882
1670 884
1670 884
1653 885
1614 887
1636 886
1636 886
1872 872
1872 872
1625 887
1793 888
2673 706
1628 889
1772 888
1855 890
1828 890
1633 903
1750 893
2682 744
1737 894
1800 894
1987 895
1742 895
1673 896
1971 896
1691 897
1714 897
1714 897
1726 897
1726 897
1726 897
1029 1131
1632 899
1897 899
1640 899
1971 900
1686 901
1642 902
1623 885
1658 902
1974 902
1974 902
1872 903
1633 903
1639 886
1639 886
1857 903
1857 903
1951 904
1951 904
1570 906
1900 906
1818 906
1818 906
1828 906
1867 906
1775 907
1552 908
1870 908
1773 909
1814 911
1794 912
1641 912
1749 913
1667 913
1552 913
1552 913
1690 913
1613 919
1630 920
1913 906
1620 921
1642 921
1735 888
1554 925
1694 927
1769 927
1736 927
1658 929
1658 929
1775 928
1782 928
1808 928
2102 746
1628 930
1786 930
1554 931
1559 930
1564 930
1624 930
1703 931
1724 931
1719 931
1822 873
1770 932
1770 932
1631 933
1639 936
1680 936
1699 936
1924 907
1924 907
1596 939
1649 895
1629 939
2638 838
1570 943
1547 953
1562 959
1562 959
1553 967
1569 958
1547 968
1965 899
1550 973
2596 654
1571 970
1897 1002
1558 995
1782 1077
1850 995
1562 998
1558 998
1566 1007
1566 1007
1851 1013
1849 1061
1775 1015
1784 1018
1784 1018
1708 1021
1708 1021
1697 1007
1556 1023
1859 1024
1710 1029
1710 1029
1759 1030
1759 1030
1548 1032
1572 1032
1754 1031
1754 1031
1708 1033
1699 1036
1768 1037
1702 1040
1702 1040
1772 1042
1706 1045
1769 1047
1771 1049
1789 1049
1864 1051
1864 1051
1762 1052
1762 1052
1759 1052
1834 1017
1713 1055
1633 1057
346 723
1600 940
2675 1138
1555 1107
1723 1116
2021 1128
210 1166
1687 1112
1645 1113
1115 1143
1388 1117
2000 1132
769 1143
412 1145
2626 862
606 1155
761 1140
526 1124
2321 1141
2718 777
532 1143
2652 727
1867 1121
2027 829
2708 971
1347 1137
589 1129
1741 1139
234 1127
775 1155
305 1139
888 1142
1648 1142
1880 1122
150 740
1888 1145
2160 1134
1289 1133
1710 1137
1564 1107
801 1146
1262 1131
1989 1129
1915 1134
814 1133
742 1144
1769 1137
2121 1135
1246 1127
710 1138
274 1139
1960 1125
2636 1152
248 1139
1307 1140
739 1124
1660 1114
1264 1121
1621 1139
1000 1147
1773 1138
1338 1131
422 1149
958 1123
1000 1147
2633 858
935 1150
587 1127
2665 712
1621 1139
2691 845
225 1154
2559 603
2560 607
1744 718
2280 695
2280 695
1994 683
2300 700
2098 827
2262 702
2081 702
2077 703
2293 704
2309 704
2240 705
2265 704
2303 704
2079 705
2233 705
2276 708
1747 743
2206 708
2031 709
2090 709
2198 709
2217 710
2084 765
2048 813
2029 712
2227 713
1974 714
2194 714
2197 716
2153 718
2193 717
1999 739
2049 796
2164 713
1948 719
2133 720
1961 720
2095 720
2124 720
1951 722
1951 722
2065 724
2128 725
2167 764
2046 727
2083 728
1890 730
1647 847
1890 730
1942 766
2023 812
1843 736
1995 736
1995 736
1875 737
1875 737
1933 738
1933 738
1980 738
1980 738
1835 739
1835 739
2068 792
2290 740
1809 743
2262 742
2089 743
1745 744
2264 745
1783 746
2069 746
2157 758
1885 746
2248 747
1516 747
1934 747
2256 747
2033 748
2277 747
2277 747
1925 824
2040 748
2271 749
1703 750
2309 704
2302 750
2302 750
1833 752
2199 753
1820 754
1667 755
1667 755
2044 832
2183 754
2246 770
1835 756
2191 757
2248 756
2039 832
2177 758
1638 759
1977 759
1977 759
2215 759
2215 759
1967 759
2163 759
1744 761
1943 762
1943 762
1746 763
2281 763
2281 763
1645 764
1572 765
1946 765
2143 766
1713 766
1711 785
2044 792
2044 792
1976 769
2102 770
2259 770
2287 770
2108 783
1734 855
1900 849
1867 771
1881 847
2268 771
2276 771
2031 771
2295 771
2261 772
2309 704
1998 774
1801 774
1990 774
1990 774
2015 775
2186 775
2201 775
1664 776
2187 715
2000 778
1992 779
1992 779
1946 779
2160 778
2181 779
2181 779
1638 781
2149 780
1921 828
1996 780
1988 781
2133 781
2138 781
2163 781
2015 775
2166 781
2207 781
2207 781
1944 782
1729 783
2141 783
2114 786
1644 827
2056 792
1868 792
1673 930
1816 795
1841 812
2031 771
1810 796
2049 796
1999 797
1999 797
1750 798
1750 798
1745 799
1977 799
2297 698
2184 801
1916 802
2124 802
2140 802
2145 802
1598 802
1835 812
2167 803
1697 804
1572 804
1914 805
1914 805
2054 830
2142 805
2142 805
2148 805
1670 806
2118 807
2118 807
1544 807
1544 807
2078 813
1916 808
2151 808
2146 809
2060 809
2093 809
2051 809
2128 810
1572 811
2035 811
1630 812
2214 752
1791 812
1791 812
1816 795
1816 795
2113 811
1788 813
1887 749
1667 863
2088 814
1544 814
2013 715
1565 815
1565 815
2239 749
1981 816
2061 816
1552 816
1552 816
1971 817
1965 757
1971 823
2220 777
2013 796
1623 801
1733 803
1683 827
2094 827
1881 828
1961 818
2068 829
2096 830
2096 830
1644 867
1644 867
2032 831
2032 831
2032 831
2081 832
2081 832
1617 833
1767 834
1767 834
1776 833
1776 833
1842 834
1752 835
2084 835
2276 704
2276 704
2023 835
2023 835
1778 835
1979 836
1720 841
1724 841
1724 841
1950 841
1950 841
2200 760
1931 843
1844 847
1826 847
1868 848
1868 848
1572 850
1572 850
1545 853
1573 857
1803 853
1842 853
1571 900
1571 900
1910 766
1647 862
1873 862
1866 863
1875 864
1891 866
1866 868
1618 868
1863 871
1817 872
1798 874
1570 875
1777 878
1601 880
1555 882
1691 892
1804 892
1804 892
1547 895
1635 897
1701 881
1574 995
1597 898
1597 898
1996 898
1958 898
1958 898
1718 900
1980 719
1981 901
1995 901
1595 902
1875 902
1898 903
1545 905
1545 905
1801 904
1836 904
2166 715
1547 907
1547 907
1786 907
1835 909
1835 909
1725 910
1660 911
1657 913
1725 910
1724 915
1667 917
1667 917
1556 922
1798 924
1741 926
1689 928
1689 928
1661 930
1673 930
1707 929
1711 930
1778 930
1654 934
1654 934
1666 934
1689 936
1573 942
1545 943
1545 943
1573 949
1546 950
1564 956
2656 681
1556 980
1563 986
1563 986
1573 989
1573 949
1546 996
1593 999
1560 1007
1851 1013
1857 1057
1857 1057
1714 1019
1710 1018
1704 1020
1572 1023
1863 1024
1775 1027
1861 1027
1861 1027
1861 1027
1781 1028
1553 1032
1756 1033
1844 1041
1762 1030
1785 1043
1636 1044
1691 1052
1699 1053
1770 1053
1639 1058
1594 1072
1676 1112
259 1113
2200 1139
1652 1113
1896 1122
2716 770
174 1122
174 1122
1408 1130
1408 1130
1582 1125
1743 1119
1613 1109
1906 1122
2718 746
261 1132
2096 1131
1599 1129
2719 789
39 1144
1899 1138
1817 511
651 1122
1920 1130
1127 1142
2644 840
2279 699
2279 699
2093 706
2220 777
2231 708
2010 710
2236 711
1978 715
2166 717
2166 717
1991 717
2173 718
2182 718
2182 718
2092 723
2027 729
1998 732
1858 733
1858 733
1910 766
2023 733
2023 733
1975 738
1971 739
1962 740
2099 741
2099 741
2102 745
1736 750
1739 822
1870 749
2241 752
2241 752
2229 754
1843 754
2188 754
1721 805
2202 756
1670 758
2143 758
1946 779
2157 758
1946 759
1946 759
1642 760
1914 762
2140 762
2140 762
1899 842
2091 763
2118 765
2111 765
1610 766
2087 767
2087 767
1544 769
1544 769
1771 837
2070 769
1914 821
2107 830
2192 774
2244 775
1967 759
2220 777
2247 778
2192 779
1937 783
1900 824
2276 704
1733 785
2149 787
2048 788
1896 807
2084 789
2084 789
2107 830
1634 778
2028 794
1803 797
1618 798
1973 800
1590 800
2128 802
2128 802
2171 802
2087 806
2029 811
2001 813
1611 816
2009 817
2009 817
1590 834
1675 809
1599 907
1821 812
2084 789
1896 807
1812 834
1590 784
2067 791
1916 844
1590 851
1590 868
1804 869
1548 876
1562 881
1844 864
1591 885
1801 886
1755 888
1880 889
1880 889
1963 896
1963 896
1851 902
1591 902
1959 903
1875 907
1847 908
1693 911
1570 912
1591 919
1560 923
1773 925
1844 925
1839 929
1634 931
1591 936
1591 936
1554 938
1563 978
1571 999
1632 1017
1636 1019
1636 1019
1855 1020
1549 1020
1549 1020
1829 1024
1829 1024
1772 1026
1864 1027
1641 1027
1641 1027
1546 1035
1852 1036
1755 1041
1757 1048
1695 1050
1655 1058
1655 1058
1594 1072
1583 1107
1784 1120
1833 1141
1869 1125
1596 1112
2417 1147
2270 1138
1845 1119
1058 1120
210 1166
2408 1141
28 1163
248 1151
1860 771
2086 725
2086 725
1831 739
1929 740
1834 775
2082 810
2214 752
2166 755
2153 761
1936 762
1721 768
2111 814
1616 769
1548 773
1548 773
1563 775
1563 775
1563 775
1553 776
1558 781
1558 781
1955 781
1718 786
1616 786
1863 791
1863 791
1778 1015
1558 797
1986 799
2162 803
1675 843
2132 764
1907 869
1604 869
1565 876
1869 877
1811 880
1796 881
1788 881
1750 884
1743 885
1720 886
1720 886
1678 888
1686 888
1817 880
1817 880
1788 893
1897 862
1823 885
1939 897
2717 988
1939 897
1761 1130
1707 912
1662 919
1631 927
1722 928
1722 928
1570 939
1549 939
1551 963
1570 1016
1851 1022
1756 1026
1556 1028
1556 1028
1562 1030
1562 1030
1848 1032
1762 1033
1778 1035
1828 1036
1756 1026
1788 1047
1850 1048
1784 1050
2188 1139
1684 1116
1561 1113
1978 1131
2206 1138
2130 1137
2630 691
1443 552
1498 686
1390 706
1390 706
2717 987
1439 704
1365 707
1413 706
2177 714
1730 749
1567 771
1567 779
1567 779
1548 782
1568 796
1568 796
1636 796
1598 798
1598 798
1548 799
1630 815
1630 815
1441 817
1567 817
1772 817
1432 822
1432 822
1688 827
1688 827
1672 828
1672 828
1432 833
1926 836
1926 836
1731 840
2052 840
1660 846
1851 848
1777 853
2115 786
1769 863
1769 863
1663 864
1663 864
1639 866
1639 866
1737 866
1737 866
1680 870
1550 871
1626 874
1626 874
1685 876
1846 878
1838 879
1838 879
1817 880
1781 883
1769 884
1725 886
1720 892
1632 893
1632 893
1603 895
1603 895
1657 897
1836 898
1689 906
1854 909
1600 851
1624 925
1615 926
1637 926
1701 1024
1550 1030
1781 1038
626 1054
2054 1135
1816 1124
2417 1147
1200 317
1215 317
1451 551
1442 686
1369 695
1369 695
1505 704
1430 712
1498 712
1360 713
1998 716
1527 720
1527 720
1699 816
2046 720
1336 721
1336 721
2034 723
2034 723
1436 728
1898 728
1937 723
2039 731
2039 731
1897 738
1897 738
1987 738
1883 739
1795 742
1721 751
1759 745
1918 746
1691 755
1753 756
1999 756
1726 759
1648 760
1961 760
1961 760
1701 761
1635 762
1691 755
1771 763
1771 763
1957 742
1904 768
2035 794
1873 771
1623 772
1623 772
2033 774
2033 774
2020 774
2007 776
1711 778
1675 801
2169 781
1652 786
1861 819
1652 786
1994 787
1887 788
1887 788
1699 790
1699 790
1686 791
1686 791
2017 816
1746 792
1746 792
1432 793
1648 795
1648 795
1829 794
1797 797
1992 798
1992 798
1651 803
2079 758
1931 803
1901 806
1901 806
1704 807
1682 808
1776 808
1603 809
1876 809
2095 809
2067 811
1654 812
1828 813
1828 813
1641 814
1724 813
1814 814
1909 825
2017 816
1423 817
1423 817
1423 817
1746 819
1650 821
1635 822
1946 822
1784 826
1784 826
1752 828
1852 830
1706 834
1797 834
1797 834
1784 836
1784 836
1663 837
2007 837
2079 758
1715 797
1739 840
1823 841
1823 841
1959 841
1959 841
1937 842
1937 842
1672 845
1911 845
1710 851
1710 851
1654 856
1751 856
1751 856
1836 859
1836 859
1603 809
1823 860
1823 860
1687 862
1687 862
1674 863
1757 864
1757 864
1745 865
2015 755
1829 867
1690 869
1690 869
1634 874
1634 874
1829 879
1829 879
1621 883
1811 887
1764 892
1709 895
1709 895
1709 895
1689 896
1689 896
1846 897
1610 901
1619 900
1751 903
80 905
1815 906
1815 906
1841 906
1756 911
1756 911
1730 912
1730 912
1730 912
1835 916
1640 917
1640 917
1788 918
1667 925
1828 925
1605 926
1672 933
1645 934
118 952
1552 956
1552 956
66 965
1567 982
1636 1011
1698 1018
1786 1026
1565 1029
1556 1033
1690 1042
1698 1046
634 1048
1836 1049
1709 1054
1709 1054
1779 1055
1615 1060
1615 1060
1658 1061
1658 1061
1780 1122
1703 1119
2543 1155
1166 293
2714 718
1163 332
1208 376
1208 376
1162 431
2734 1133
861 457
856 514
1497 552
1497 552
1409 555
1409 555
1461 686
1433 694
2073 706
2252 706
2241 708
2668 1140
1448 710
1898 728
2074 717
2154 717
1952 722
2019 723
2105 723
2105 723
1957 731
2006 725
2014 734
2014 734
1910 736
1415 738
1445 738
348 745
1744 747
2080 747
2057 750
2057 750
2041 752
357 761
357 761
1906 757
1738 758
1718 760
1718 760
1619 764
1929 764
1686 765
1730 749
1844 773
2273 773
1937 773
1937 773
1798 778
1798 778
1881 779
1946 781
2078 779
2133 783
2133 783
2092 788
2092 788
2136 795
2011 796
2011 796
1877 798
1877 798
1720 806
1916 805
1413 811
1413 811
1413 811
1432 811
1451 811
1711 815
1711 815
1875 819
1758 820
1975 819
1975 819
2066 822
1909 825
1558 826
1442 828
1678 836
1678 836
1678 836
2029 835
1726 850
1652 1131
1897 866
1856 867
1559 875
1743 875
1565 887
1872 885
1698 892
51 901
1910 901
92 912
92 912
1752 929
1691 932
1608 936
123 943
757 945
1688 1018
1756 1018
1829 1018
1716 1039
1626 1052
1647 1053
1647 1053
1719 1054
1789 1055
1851 1056
1359 1069
1505 1069
234 1196
234 1196
488 25
632 101
2212 273
1208 400
1208 400
800 425
800 425
828 449
828 449
2030 453
2030 453
2030 453
2030 453
952 455
1149 459
768 501
1149 549
2601 554
904 560
1161 562
750 577
15 586
1384 685
43 693
1413 811
1402 709
1478 707
1478 707
2067 727
1775 744
2144 760
2225 776
2225 776
46 795
2130 806
40 809
2055 835
1476 868
1390 869
1390 869
908 1136
1707 872
68 910
259 928
1794 928
160 959
114 961
99 968
786 982
1858 1013
605 1038
651 1037
1163 1055
47 1079
2219 1140
2394 1154
537 46
537 46
592 104
635 198
2134 254
2123 268
2191 271
994 470
2272 560
1696 651
31 575
2011 1140
765 592
234 639
1778 708
1054 833
1054 833
289 839
851 898
875 918
107 921
852 920
852 920
72 928
891 932
853 951
47 964
821 969
931 979
151 991
210 1009
702 1017
783 1027
1146 1044
2725 946
2016 264
670 367
870 500
1038 549
1372 556
1372 556
1479 554
1479 554
788 578
2557 581
1460 692
1764 691
1499 693
1499 693
1764 691
116 850
324 857
141 969
1636 1023
1636 1023
807 1031
2175 1153
2069 263
2157 262
876 474
431 503
431 503
1993 501
909 529
909 529
1063 674
1145 766
1145 766
2511 794
2511 794
2513 845
52 875
145 880
137 912
67 949
116 955
948 958
186 981
413 1022
1499 1082
1537 1096
604 150
604 150
2198 290
563 503
563 503
2199 504
1345 534
1345 534
1107 676
204 773
1399 793
1466 792
1466 792
1432 823
1432 823
258 839
910 916
163 1020
643 117
508 406
1990 464
2250 518
2584 571
2724 998
1047 742
1401 849
1464 849
769 983
609 302
1122 436
2571 517
261 698
187 907
880 953
372 1028
1998 901
1113 679
164 830
834 1012
917 493
1107 501
1734 510
979 627
1209 328
538 344
1090 607
1090 607
982 666
1428 833
527 340
1769 622
2033 613
112 878
970 515
970 515
1767 231
651 665
1028 895
1749 952
